# name: debug
# type: sparse matrix
# nnz: 49
# rows: 7
# columns: 7

1 1 1.91898311e+16
2 1 -1.12905696e+15
3 1 3.54333939e+15
4 1 8.83880751e+14
5 1 1.9964917e+16
6 1 1.4850151e+15
7 1 -5.25902174e+10
1 2 -1.12905696e+15
2 2 4.59536831e+16
3 2 2.82438411e+15
4 2 -4.60089287e+16
5 2 -5.88038564e+14
6 2 -8.71246762e+15
7 2 4.6431451e+10
1 3 3.54333939e+15
2 3 2.82438411e+15
3 3 8.54720154e+14
4 3 -2.87421026e+15
5 3 3.72527679e+15
6 3 -2.95841322e+14
7 3 -6.81433461e+09
1 4 8.83880751e+14
2 4 -4.60089287e+16
3 4 -2.87421026e+15
4 4 4.63655515e+16
5 4 3.34609289e+14
6 4 8.76303666e+15
7 4 -4.59544562e+10
1 5 1.9964917e+16
2 5 -5.88038564e+14
3 5 3.72527679e+15
4 5 3.34609289e+14
5 5 2.08034202e+16
6 5 1.43680571e+15
7 5 -5.40351608e+10
1 6 1.4850151e+15
2 6 -8.71246762e+15
3 6 -2.95841322e+14
4 6 8.76303666e+15
5 6 1.43680571e+15
6 6 1.74687276e+15
7 6 -1.22340653e+10
1 7 -5.25902174e+10
2 7 4.6431451e+10
3 7 -6.81433461e+09
4 7 -4.59544562e+10
5 7 -5.40351608e+10
6 7 -1.22340653e+10
7 7 5.72693048e+09
